0.16984155483
0.0702786217939
0.0592449473703
0.0501241041983
0.0427012553348
0.0367262608708
0.0321791338714
0.0283901352759
0.0254554616023
0.0231299741019
0.0214270934306
0.0200241308389
0.0190269071426
0.018279964656
0.0177267130581
0.0172738631903
0.0169253642464
0.0165824677088
0.0164468241863
0.0161911342901
0.0160901562993
0.015925016255
0.0157952205928
0.0156922540589
0.0155037566155
0.0154812217912
0.0152883960503
0.0151960885719
0.0151747957702
0.0150575807379
0.0149794693028
0.0148672600326
0.0147796824785
0.0146959318432
0.0145944111558
0.0144894430367
0.0144068334518
0.014296794434
0.0142688791794
0.0141601791669
0.0141055828298
0.0140432094871
0.0139179990972
0.0138659465946
0.0138107532726
0.0137014444251
0.0136159851027
0.0135189366579
0.013450774169
0.0134445391439
0.0133309517989
0.0132903435245
0.0131886562164
0.0131566426892
0.0130383733778
0.0130036795418
0.0129354734383
0.0128838226821
0.0127755453846
0.0127743876098
0.0126705529363
0.0126375178389
0.0125787555389
0.0125015518858
0.0124443834194
0.0124052924916
0.0123404232609
0.0122817798536
0.0121574231784
0.0121868221521
0.0121157864415
0.0120537954418
0.0119878965192
0.0119391879913
0.0118797259492
0.0118496701967
0.0117965749661
0.0117336226446
0.0116904672758
0.0116193418898
0.0115504829059
0.0115441867166
0.0114839027996
0.0114462855407
0.0113992160231
0.0113582706329
0.0113015730496
0.011250712128
0.0112169526127
0.0111900624606
0.0111156879484
0.0110816592433
0.0110222653455
0.0110110767849
0.0109479828962
0.0109079144727
0.0108665536944
0.0108470076252
0.0107879263205
0.0107357872657
0.010705589163
0.0106758666723
0.0106402332202
0.0105912221978
0.0105852061165
0.0105266402114
0.0104807182132
0.0104554063497
0.0104215460099
0.0103622150875
0.0103468757835
0.0103145867673
0.0102809596318
0.0102429930593
0.0102021921839
0.0101682217773
0.0101501197073
0.0101043443862
0.0100781214275
0.0100511594499
0.0100217069301
0.00998086850477
0.00994418907246
0.00991800553713
0.00988221719319
0.00986963866218
0.00983178242716
0.00980124751483
0.0097787731183
0.00973742609285
0.00972040897347
0.00967221270648
0.00965294667504
0.00964011427087
0.00961193940784
0.00958240793688
0.00956324321892
0.00951768853618
0.00951445463169
0.00947973831816
0.0094696048159
0.00941837848244
0.00938948122747
0.00936017219948
0.00935593002207
0.00934562534574
0.00930177885308
0.00926958543395
0.00927197894739
0.00924207805733
0.00922562125859
0.00919323506347
0.00913898683084
0.00914166879202
0.00911690305371
0.00910365278477
0.00908060843203
0.00907328728519
0.00904210228832
0.00901670082499
0.00901782053039
0.0089751031255
0.00894668357434
0.00894437243885
0.00893178946285
0.00889378006581
0.00889897890003
0.0088644002437
0.00883476888673
0.00882757415834
0.00881281453045
0.00880260903579
0.00875489766445
0.00875631233098
0.00872897893628
0.0087108518505
0.00868194795815
0.00868999966813
0.00866723002605
0.00864686366775
0.00864163727853
0.00861650416578
0.0086012829247
0.00857466017974
0.00857588501043
0.00856161213686
0.00853321390437
0.00852304951676
0.00849679451078
0.00849176847716
0.00848059912955
0.00842565249482
0.00842445182335
0.00842957345881
0.00841338566086
0.00840218070648
0.00839903890485
0.00837773940849
0.00836496181777
0.00834543033333
0.00833626656598
0.00831606941842
0.00829656376783
0.00828941089925
0.00826614642979
0.00824918222494
0.00824491292355
0.00821469275971
0.00821061553267
0.00821102677367
0.00817273853326
0.00817958105764
0.00818126913514
0.00816377748137
0.00815346514172
0.00812181659182
0.00811284033593
0.0080604458273
0.00811469251929
0.00805021981996
0.00805078872141
0.00805389066589
0.00805110150808
0.00802572103778
0.00802578732473
0.00801153236487
0.00801854358768
0.00797959200328
0.00796806281462
0.00797758195484
0.00795727120193
0.00794744986196
0.00794532309298
0.0079399481248
0.00793351138956
0.00791553767446
0.00788596480121
0.00790434605882
0.00788368488128
0.00785982872696
0.00786055381462
0.0078284326513
0.00783866735854
0.00783988087154
0.00781419984649
0.00779556616315
0.00776931954616
0.00779426668031
0.0077594323458
0.00778008132072
0.00777341205132
0.00775427989048
0.00773604397563
0.00771832310817
0.00773311706934
0.00772292632333
0.0077044498487
0.00770067112689
0.00768033373244
0.00769216364916
0.00767892459775
0.00766889182093
0.00766469302272
0.00764729850729
0.00764156275412
0.00763013060565
0.00759279503901
0.00762643945589
0.00761526179247
0.00760848134326
0.00759322120994
0.00759675936703
0.00758432110349
0.00755323941312
0.00756160767895
0.00755636766394
0.00753716390574
0.00751122732298
0.00752826587571
0.0075314652682
0.00751401568462
0.00751472905389
0.00750509006963
0.00748231329968
0.00749652387752
0.00748358492307
0.00747737444272
0.00748046932059
0.00745934755608
0.00745950564111
0.00744968936845
0.00743311302107
0.00741948908739
0.00742098368798
0.00742624432513
0.0074177258614
0.00741113939158
0.0073946876147
0.00739479414217
0.00738841680279
0.00737423561052
0.00737321362389
0.00736948362359
0.00737365034748
0.00734285059166
0.00735288239573
0.0073379026622
0.00734176371494
0.00732924500982
0.00733004834406
0.00730864949522
0.00732064893722
0.00730962735023
0.00730208100577
0.00729206012562
0.00729505523268
0.00728950534075
0.00727053999701
0.00727910809699
0.0072750658089
0.00726435006588
0.00723961522894
0.00724069435275
0.00725075055122
0.0072456670323
0.00722374685938
0.00722921787357
0.00722767885709
0.00720241616814
0.00721827342399
0.00719868533475
0.00719702460582
0.00718864640738
0.00716185070263
0.00717934162555
0.00717895184205
0.00715262420559
0.00716632836834
0.00714719159658
0.00716845698095
0.00714540452852
0.00715483722821
0.0071325460201
0.00714444585676
0.00712549729092
0.00712269047951
0.00711195322749
0.00711466402381
0.00711267971847
0.00710417923547
0.00710560435813
0.0070874875121
0.00708187218975
0.00709651145343
0.00708436407667
0.00707358613768
0.00708109709321
0.00706509704236
0.00706385759541
0.00705435992435
0.00705725062922
0.00704151422291
0.00703220364133
0.00703024553446
0.00703441126389
0.00703101822305
0.00700227016665
0.0070229846679
0.0070181373513
0.00700986772075
0.00700618770535
0.006994704285
0.00698280577333
0.00699686901624
0.00699760662651
0.00697899764464
0.0069847606027
0.00698448163837
0.00695381309437
0.00696291679452
0.00694231785846
0.00696233460137
0.0069402209716
0.00694737609422
0.00693928800714
0.00692989563401
0.00692663161594
0.00693418930276
0.00692745482854
0.0069193878742
0.00691167933848
0.00691506022932
0.00692236808597
0.00688920698301
0.00691127756473
0.00690187660477
0.006893532588
0.00688681137491
0.00689429709501
0.00685196448206
0.00685418288143
0.00688106820114
0.00687501485034
0.00685711301522
0.00683253185908
0.00686416599508
0.0068505732507
0.00685938796142
0.00685669849859
0.006836944361
0.00684396993777
0.00682783365608
0.00683461289217
0.00682338701132
0.00681654073907
0.00681503967585
0.00682466547604
0.00680996343448
0.00680058436138
0.00680686314686
0.00679969724927
0.00679214806727
0.00679234469516
0.00679912874444
0.00677637707113
0.00677462655396
0.00677972974792
0.00678222686792
0.00676783437099
0.00676138175903
0.00676040635629
0.00677122638639
0.00675145530305
0.00673985132361
0.00675165555559
0.0067438099993
0.00674540083439
0.00674275652515
0.00674330617609
0.00673547239815
0.00673157312171
0.00672596240389
0.0067317162661
0.00671254049383
0.00672181887232
0.00669255203847
0.00669704410052
0.00669737360258
0.00667987773386
0.00670256855845
0.00669443314995
0.00668433270853
0.00666665286089
0.00668528127989
0.0066606459753
0.00666115788535
0.00666570938915
0.00666617233689
0.00667090254797
0.00665241352272
0.00665861960883
0.00665079450151
0.00664821848848
0.00665619677667
0.00665390793034
0.00661477568458
0.00663474329674
0.00663653216697
0.00663018709784
0.00662800082106
0.00661670215922
0.00660588342076
0.00662964459377
0.006623639457
0.00662372160261
0.00660859552698
0.00659687420585
0.00660283672439
0.00659388574365
0.00659731737758
0.00660132916968
0.00658173445665
0.00654418445949
0.00659497268014
0.00659289130639
0.00658451122508
0.00657821980843
0.00656761517847
0.00656787212383
0.00655011406245
0.00655963403463
0.00655429655837
0.00655028287075
0.00655325774259
0.00655838180349
0.00655054426317
0.00654830834715
0.00652471070046
0.00654133832105
0.00653314606986
